0 0.1111111111111111 0.3101634683724236 0.08703703703703704 0.11499644633972993
0 0.11962962962962963 0.8718763326226013 0.0773925925925926 0.10476901208244492
0 0.1267074074074074 0.6802629708599858 0.09319999999999999 0.15835110163468374
0 0.4437962962962963 0.8422459132906894 0.04685185185185185 0.14504619758351103
0 0.830462962962963 0.5139019189765458 0.14907407407407408 0.5971002132196163
0 0.13518518518518519 0.48 0.12407407407407407 0.19880597014925375
1 0.3478703703703704 0.1190049751243781 0.5883333333333334 0.13068941009239515
1 0.43343333333333334 0.4771641791044776 0.33083703703703704 0.3035536602700782
1 0.6104259259259259 0.6711442786069651 0.18533703703703705 0.10637526652452024
1 0.9203703703703704 0.5102061122956646 0.03518518518518519 0.16681592039800996
1 0.5884259259259259 0.8243070362473347 0.2212962962962963 0.09850746268656715
1 0.2827777777777778 0.8456218905472637 0.13777777777777778 0.09850035536602701