1 0.37154554759467756 0.1286153846153846 0.5884237461617196 0.11950183150183151
0 0.11474923234390992 0.3151575091575092 0.07938246332309791 0.1214065934065934
0 0.835438416922552 0.5697802197802198 0.1446605254179461 0.6746080586080586
1 0.286820197884681 0.9348498168498168 0.18469123166154897 0.12024175824175824
1 0.6068338451040601 0.751985347985348 0.18648584100989424 0.10322344322344323
1 0.4324940293415217 0.5081831501831502 0.34230296827021495 0.3028937728937729
0 0.10211873080859775 0.929985347985348 0.07629477993858752 0.11342857142857143
0 0.6687137495735244 0.35055677655677653 0.07051177072671443 0.18731868131868132
0 0.12441828727396793 0.49632234432234434 0.10553735926305015 0.20046153846153847
0 0.43511770726714427 0.9145787545787546 0.044582053906516546 0.15296703296703298
0 0.1141828727396793 0.7060586080586081 0.09871374957352438 0.17549450549450551
1 0.9245991129307404 0.5705494505494505 0.03184237461617195 0.19262271062271064