1 0.37131695667007847 0.12983882783882783 0.592517911975435 0.15613186813186813
1 0.4321630842715797 0.5075457875457875 0.3434561583077448 0.3108205128205128
1 0.6096895257591266 0.7451355311355311 0.1867383145684067 0.11687912087912088
1 0.2880689184578642 0.937047619047619 0.18037188672807913 0.10021978021978023
1 0.9267587853974752 0.5663956043956044 0.034346639372227906 0.1892087912087912
0 0.11429546229955646 0.3154065934065934 0.07847151142954623 0.11701098901098901
0 0.12555441828727396 0.5009597069597069 0.10326509723643808 0.2146227106227106
0 0.11395428181508017 0.7063076923076923 0.09371204367110202 0.1710989010989011
0 0.1056533606277721 0.9267912087912088 0.07938246332309791 0.12854945054945055
0 0.43466393722279084 0.9121391941391941 0.04367110201296486 0.15785347985347986
0 0.6667792562265438 0.3442124542124542 0.06891845786421016 0.1843882783882784
0 0.83532241555783 0.5663663003663004 0.1467076083248038 0.6775384615384615