1 0.4320470829068577 0.13276923076923075 0.4728761514841351 0.14245421245421244
0 0.11440805185943363 0.3193113553113553 0.0764244285226885 0.12482051282051282
0 0.8355510064824292 0.5739340659340659 0.15171272603207098 0.6975531135531136
1 0.9260764244285227 0.5644468864468865 0.04025929716820198 0.20483516483516484
1 0.4320743773456159 0.5085934065934066 0.3440361651313545 0.3010842490842491
1 0.6061821903787104 0.75596336996337 0.182459911293074 0.10888644688644689
1 0.2885738655748891 0.9373260073260073 0.17492664619583762 0.1095018315018315
0 0.1149914704878881 0.7066666666666667 0.09350733538041624 0.17758241758241758
0 0.09252814738996928 0.928937728937729 0.05749573524394405 0.11873992673992675
0 0.6673456158307745 0.3429230769230769 0.07255203002388264 0.1798754578754579
0 0.4330706243602866 0.9167765567765569 0.04503582395087001 0.15248351648351646
0 0.12487205731832139 0.4933919413919414 0.11554759467758445 0.21413186813186816