1 0.34675925925925927 0.11385216773276474 0.5935185185185186 0.1324591329068941
1 0.43157407407407405 0.4764392324093817 0.32611111111111113 0.30824449182658137
1 0.6107407407407407 0.6711656005685857 0.18777777777777777 0.12626154939587775
1 0.922962962962963 0.5077185501066098 0.03740740740740741 0.16894811656005687
1 0.2826851851851852 0.8431343283582089 0.13944444444444445 0.10063255152807392
1 0.5913888888888889 0.8243070362473347 0.22722222222222221 0.09850746268656715
0 0.11120370370370371 0.3083866382373845 0.08537037037037037 0.10434257285003554
0 0.135 0.47875621890547265 0.1237037037037037 0.19276474769012084
0 0.12796296296296297 0.6768443496801706 0.10222222222222223 0.1660554371002132
0 0.12018518518518519 0.8772494669509595 0.07925925925925927 0.11199004975124377
0 0.44342592592592595 0.8424235963041933 0.04611111111111111 0.14184790334044067
0 0.8324074074074074 0.5140796019900498 0.14814814814814814 0.5939019189765459