1 0.3726816786079836 0.14082051282051283 0.5952473558512453 0.15368498168498168
1 0.4311395428181508 0.509985347985348 0.3364039576936199 0.30593406593406597
1 0.6052541794609348 0.7575824175824175 0.18469123166154897 0.12713553113553114
1 0.28784373933810986 0.9404615384615385 0.175366769020812 0.11682783882783883
1 0.9244865233708632 0.569084249084249 0.038894575230296824 0.19946520146520144
0 0.11429546229955646 0.3207765567765568 0.07847151142954623 0.11798534798534799
0 0.12578300921187308 0.49509890109890103 0.10826680313886045 0.22243223443223445
0 0.1154315933128625 0.7065494505494506 0.0943944046400546 0.1667032967032967
0 0.09507676560900717 0.9277655677655678 0.060501535312180145 0.11096703296703296
0 0.4329580348004094 0.9101831501831502 0.04344251108836574 0.14613186813186813
0 0.6674616171954963 0.34713553113553114 0.0657352439440464 0.19024908424908424
0 0.8368031388604572 0.5688058608058608 0.1473899692937564 0.6726520146520146