1 0.3718079673135853 0.13081318681318682 0.5892645556690501 0.13854945054945056
1 0.43007150153217566 0.512087912087912 0.3421416411304052 0.3068424908424908
1 0.28632618318011577 0.9343003663003663 0.17843718079673138 0.11731135531135531
1 0.582802179094314 0.9345201465201465 0.23848144364998297 0.11366300366300366
1 0.9218760640108955 0.5678534798534799 0.03396663261831801 0.1810989010989011
1 0.6082158665304732 0.748058608058608 0.18363295880149813 0.12273992673992673
0 0.11360912495743956 0.31857875457875456 0.07967313585291114 0.11847619047619047
0 0.6663670411985019 0.34465201465201467 0.0742219952332312 0.1882051282051282
0 0.10266258086482805 0.9297875457875459 0.07598910452843037 0.11405860805860805
0 0.12665985699693566 0.4982783882783883 0.10804562478719781 0.20436630036630035
0 0.11485529451821586 0.7060586080586081 0.09352059925093634 0.17549450549450551
0 0.4313925774599932 0.9121391941391941 0.043353762342526386 0.15785347985347986