1 0.4349593495934959 0.4693319118692253 0.3229859571322986 0.29119402985074627
1 0.35624538063562455 0.11580668088130774 0.631189948263119 0.12855721393034825
1 0.28233555062823357 0.8367377398720682 0.1359940872135994 0.1020540156361052
1 0.5898928307464892 0.8216417910447761 0.2230229120473023 0.10383795309168443
1 0.606430155210643 0.6667377398720682 0.19290465631929046 0.1064676616915423
0 0.11178861788617886 0.3096304193319119 0.0794530672579453 0.11038379530916845
0 0.13774944567627495 0.48106609808102346 0.1221359940872136 0.1938308457711443
0 0.12961936437546193 0.674001421464108 0.09109386548410939 0.16037668798862828
0 0.12315225424981523 0.8772494669509595 0.08185513673318551 0.11199004975124377
0 0.4451219512195122 0.8426012793176972 0.043976348854397634 0.1386496090973703
0 0.8323170731707317 0.5165671641791044 0.1476348854397635 0.6059843638948117
1 0.9217479674796748 0.5107391613361763 0.03566149297856615 0.1714356787491116