1 0.37188672807915385 0.13618315018315016 0.5913783691572841 0.13952380952380952
1 0.606444899351757 0.7522710622710622 0.16992152848857045 0.09488644688644689
1 0.28808597748208803 0.9373260073260073 0.17577959740702834 0.10989010989010989
1 0.43175025588536337 0.5097582417582418 0.34201637666325485 0.3018461538461538
1 0.924315933128625 0.5687912087912088 0.043275332650972366 0.18663003663003663
0 0.6689423404981235 0.3407912087912088 0.07551347662913682 0.20685714285714288
0 0.11297509382463324 0.31978021978021975 0.07751620607301261 0.11447619047619047
0 0.10302627089730468 0.929985347985348 0.07665984305697714 0.11467399267399267
0 0.4334118048447629 0.9099413919413919 0.04799385875127942 0.15834432234432233
0 0.1154315933128625 0.7048424908424908 0.0943944046400546 0.17793406593406594
0 0.12441828727396793 0.49583150183150176 0.12373592630501536 0.20925274725274726
0 0.8357795974070283 0.5639194139194139 0.1476185602183555 0.6824175824175824