1 0.34299781181619254 0.12077994428969359 0.5857038657913931 0.12944289693593314
0 0.10913566739606127 0.307033426183844 0.07603938730853392 0.1050208913649025
0 0.12272064186725018 0.47692200557103065 0.10867979576951131 0.1940947075208914
0 0.12363238512035012 0.6678760445682451 0.09810357403355215 0.16862116991643453
0 0.11670313639679067 0.8663231197771587 0.07840991976659373 0.1058983286908078
0 0.43708971553610504 0.8402089136490251 0.04449307075127644 0.14420612813370473
0 0.6573668854850474 0.31399721448467965 0.06929248723559446 0.17464484679665737
0 0.8238512035010941 0.5172771587743732 0.14332603938730853 0.5951392757660167
1 0.42551057622173594 0.4837047353760446 0.39879649890590807 0.2668523676880223
1 0.600929978118162 0.6943384401114207 0.18800145878920496 0.09620473537604457
1 0.29111962071480674 0.8727646239554318 0.1701312910284464 0.10137186629526462
1 0.5838803792851933 0.8602298050139275 0.2323121808898614 0.10137186629526462
1 0.912746170678337 0.5139972144846797 0.03446389496717724 0.16727715877437327