1 0.3458333333333333 0.11776119402985075 0.5879629629629629 0.13886282871357497
1 0.43324074074074076 0.46791044776119406 0.31833333333333336 0.33098081023454157
1 0.612037037037037 0.6669012082444918 0.18888888888888888 0.11773987206823028
1 0.9200925925925926 0.5116275764036958 0.03648148148148148 0.1696588486140725
1 0.590462962962963 0.8195095948827292 0.22277777777777777 0.11378109452736318
1 0.2827777777777778 0.8422459132906894 0.1362962962962963 0.102409381663113
0 0.10953703703703704 0.3060767590618337 0.07833333333333334 0.10327647476901208
0 0.13962962962962963 0.4853304904051173 0.13666666666666666 0.20235252309879173
0 0.12685185185185185 0.6757782515991472 0.09259259259259259 0.1568230277185501
0 0.11981481481481482 0.8754726368159204 0.07851851851851852 0.10132906894100924
0 0.44351851851851853 0.8420682302771855 0.044444444444444446 0.13402985074626866
0 0.8324074074074074 0.5140796019900498 0.14814814814814814 0.5939019189765459